upper: 244.355286
lower: 3.548238